Date : 09/05/2020
Heure : 17:40:19
Prenom et Nom : Julia Roberts
Poids : 79
Taille : 1.73
BMI : 26.395803401383272

Date : 12/05/2020
Heure : 10:43:29
Prenom et Nom : Julia Roberts
Poids : 70
Taille : 1.73
BMI : 23.38868655818771

