Date : 03/09/2020
Heure : 17:03:41
Prenom et Nom : Esteban Catanea
Poids : 89
Taille : 1.86
BMI : 25.725517400855587

Date : 04/09/2020
Heure : 17:03:41
Prenom et Nom : Esteban Catanea
Poids : 75
Taille : 1.86
BMI : 21.678806798473808

