Date : 17/05/2020
Heure : 15:21:21
Prenom et Nom : Aaron Schwartz
Poids : 70
Taille : 1.80
BMI : 21.604938271604937

Date : 18/05/2020
Heure : 15:21:21
Prenom et Nom : Aaron Schwartz
Poids : 71
Taille : 1.80
BMI : 21.91358024691358

