Date : 16/05/2020
Heure : 20:33:10
Prenom et Nom : Julian Assange
Poids : 77
Taille : 1.89
BMI : 21.55594748187341

Date : 17/05/2020
Heure : 20:33:10
Prenom et Nom : Julian Assange
Poids : 76
Taille : 1.89
BMI : 21.27600011197895

Date : 17/05/2020
Heure : 20:33:10
Prenom et Nom : Julian Assange
Poids : 76
Taille : 1.89
BMI : 21.27600011197895

