Date : 29/05/2020
Heure : 18:43:56
Prenom et Nom : Benjamin Sonntag
Poids : 58
Taille : 1.75
BMI : 18.93877551020408

Date : 20/06/2020
Heure : 09:47:59
Prenom et Nom : Benjamin Sonntag
Poids : 60
Taille : 1.80
BMI : 18.51851851851852

Date : 02/09/2020
Heure : 06:48:33
Prenom et Nom : Benjamin Sonntag
Poids : 89
Taille : 1.86
BMI : 25.725517400855587

