Date : 27/09/2020
Heure : 10:39:17
Prenom et Nom : Jeffrey
Poids : 89
Taille : 1.86
BMI : 25.725517400855587

Date : 01/10/2020
Heure : 10:39:17
Prenom et Nom : Jeffrey
Poids : 77
Taille : 1.86
BMI : 22.25690831309978

